{'cords': [[[-76.11338024599996, 43.033211522000045], [-76.11352788799996, 43.033211976000075], [-76.11352834799999, 43.03313145300007], [-76.11338070599999, 43.033130999000036], [-76.11338024599996, 43.033211522000045]]], 'height': 9.97}
{'cords': [[[-76.11316967199997, 43.03250522800005], [-76.11321608299994, 43.032486541000026], [-76.11318510199999, 43.03244513200008], [-76.11312314199995, 43.03236231300008], [-76.11307673099998, 43.032380999000054], [-76.11304575099996, 43.03233959000005], [-76.11299933999999, 43.032358276000025], [-76.11295292899996, 43.03237696300005], [-76.11298390899998, 43.03241837200005], [-76.11304586899996, 43.03250119100005], [-76.11307684899998, 43.032542600000056], [-76.11312325999995, 43.03252391400008], [-76.11316967199997, 43.03250522800005]]], 'height': 6.45}
{'cords': [[[-76.11332180099998, 43.033106976000056], [-76.11353629999996, 43.03310817900007], [-76.11353630899998, 43.03301955200004], [-76.11332114899994, 43.033020978000025], [-76.11332180099998, 43.033106976000056]]], 'height': 8.59}
{'cords': [[[-76.11297649999995, 43.03233145200005], [-76.11295449899995, 43.03229390300004], [-76.11301577399996, 43.03227458100008], [-76.11292777099999, 43.03212438400004], [-76.11280266599994, 43.032164590000036], [-76.11291522499994, 43.032350774000065], [-76.11297649999995, 43.03233145200005]]], 'height': 7.27}
{'cords': [[[-76.11338222999996, 43.03254975600004], [-76.11344754399994, 43.032543227000076], [-76.11343851399994, 43.032494616000065], [-76.11342948399994, 43.032446004000064], [-76.11341142499998, 43.03234878200004], [-76.11334611099994, 43.03235531100006], [-76.11328079799995, 43.03236184000008], [-76.11329885799995, 43.03245906300003], [-76.11330788699996, 43.032507674000044], [-76.11331691699996, 43.032556285000055], [-76.11338222999996, 43.03254975600004]]], 'height': 6.89}
{'cords': [[[-76.11289212199995, 43.032998175000046], [-76.11284025099997, 43.03299867900006], [-76.11283955399995, 43.03296011000003], [-76.11273581299997, 43.03296111900005], [-76.11273790399997, 43.03307682600007], [-76.11289351599999, 43.03307531200005], [-76.11289212199995, 43.032998175000046]]], 'height': 8.58}
{'cords': [[[-76.11209777499994, 43.03288809000003], [-76.11210224399997, 43.03293798800007], [-76.11204245199997, 43.03294087000006], [-76.11204692099994, 43.03299076900004], [-76.11216650499995, 43.03298500500006], [-76.11228608899995, 43.03297924100008], [-76.11228161999998, 43.032929343000035], [-76.11227715099994, 43.03287944500005], [-76.11209777499994, 43.03288809000003]]], 'height': 7.15}
{'cords': [[[-76.11347338499996, 43.032176219000064], [-76.11339454899996, 43.03202020800006], [-76.11337483999995, 43.03198120500008], [-76.11324530599995, 43.032016371000054], [-76.11326501399998, 43.03205537400004], [-76.11334385099997, 43.03221138500004], [-76.11347338499996, 43.032176219000064]]], 'height': 6.85}
{'cords': [[[-76.11213060399996, 43.03315494900005], [-76.11229501299994, 43.03314558300008], [-76.11228799899999, 43.033057745000065], [-76.11225912899994, 43.03305912900004], [-76.11225558099994, 43.033015584000054], [-76.11217400699996, 43.03301971700006], [-76.11217751599997, 43.033063354000035], [-76.11212337899997, 43.03306603500005], [-76.11213060399996, 43.03315494900005]]], 'height': 8.54}
{'cords': [[[-76.11392278499994, 43.03199690100007], [-76.11392304699996, 43.031951063000065], [-76.11385721599999, 43.03195086100004], [-76.11379138599995, 43.031950659000074], [-76.11379112499998, 43.03199649600003], [-76.11379060099995, 43.032088172000044], [-76.11385643199998, 43.03208837400007], [-76.11392226199996, 43.032088576000035], [-76.11392278499994, 43.03199690100007]]], 'height': 7.45}
{'cords': [[[-76.11343791399997, 43.032896494000056], [-76.11350673699997, 43.03289317600007], [-76.11350289899997, 43.03285033700007], [-76.11349906199996, 43.03280749700008], [-76.11343023899997, 43.03281081500006], [-76.11336141599998, 43.032814133000045], [-76.11329259299998, 43.03281745000004], [-76.11329643099998, 43.03286029000003], [-76.11330026799999, 43.03290313000008], [-76.11336909099998, 43.03289981200004], [-76.11343791399997, 43.032896494000056]]], 'height': 7.98}
{'cords': [[[-76.11186084199994, 43.03306389200003], [-76.11188777299998, 43.03301788700003], [-76.11182588299994, 43.032998389000056], [-76.11170210099993, 43.032959392000066], [-76.11167516899997, 43.03300539700007], [-76.11164823699994, 43.03305140200007], [-76.11162130499997, 43.03309740800006], [-76.11174508699997, 43.03313640400006], [-76.11180697799995, 43.03315590300008], [-76.11183390999997, 43.03310989700003], [-76.11186084199994, 43.03306389200003]]], 'height': 6.86}
{'cords': [[[-76.11354076899994, 43.03299863900003], [-76.11353513799997, 43.03295768500004], [-76.11352950699995, 43.03291673100006], [-76.11336114899996, 43.03292918900007], [-76.11336677999998, 43.03297014300006], [-76.11337241099994, 43.03301109700004], [-76.11354076899994, 43.03299863900003]]], 'height': 10.27}
{'cords': [[[-76.11219618799998, 43.03331828600005], [-76.11231043599997, 43.03331511700003], [-76.11230687399996, 43.03320348800003], [-76.11219231999996, 43.03320665000007], [-76.11219618799998, 43.03331828600005]]], 'height': 8.47}
{'cords': [[[-76.11281837899998, 43.03322705900007], [-76.11288852699994, 43.033225549000065], [-76.11288690499998, 43.033184266000035], [-76.11288528199998, 43.03314298300006], [-76.11288365899998, 43.03310170000003], [-76.11281351099996, 43.033103210000036], [-76.11274336199995, 43.03310472000004], [-76.11274498499995, 43.03314600300007], [-76.11274660699996, 43.03318728600004], [-76.11274822999997, 43.03322856900007], [-76.11281837899998, 43.03322705900007]]], 'height': 9.1}
{'cords': [[[-76.11398008799995, 43.03189557700006], [-76.11404565699996, 43.03189241600006], [-76.11404166399996, 43.03184784700005], [-76.11403767199994, 43.03180327900003], [-76.11397210199993, 43.03180644100007], [-76.11390653299998, 43.03180960200007], [-76.11384096399996, 43.03181276300006], [-76.11384495599998, 43.03185733200007], [-76.11384894899999, 43.03190190000004], [-76.11391451899993, 43.03189873800005], [-76.11398008799995, 43.03189557700006]]], 'height': 7.57}
{'cords': [[[-76.11285176299998, 43.033358477000036], [-76.11290777299996, 43.03335692300004], [-76.11290539099997, 43.03331071700006], [-76.11284938099999, 43.03331227000007], [-76.11284699899994, 43.03326606400003], [-76.11273497799993, 43.033269172000075], [-76.11273974199997, 43.03336158500008], [-76.11285176299998, 43.033358477000036]]], 'height': 9.64}
{'cords': [[[-76.11156105499998, 43.03319993900004], [-76.11156295099994, 43.03324524300007], [-76.11156484699995, 43.033290547000036], [-76.11156674299997, 43.03333585200005], [-76.11156863899998, 43.033381156000075], [-76.11157053499994, 43.03342646100003], [-76.11169974499995, 43.033423550000066], [-76.11169784799995, 43.03337824600004], [-76.11169595199993, 43.033332941000026], [-76.11176055699997, 43.033331486000066], [-76.11175865999996, 43.03328618200004], [-76.11175676399995, 43.03324087800007], [-76.11175486799993, 43.03319557300006], [-76.11169026399995, 43.033197028000075], [-76.11156105499998, 43.03319993900004]]], 'height': 7}
{'cords': [[[-76.11394373999997, 43.03215761000007], [-76.11394400199998, 43.03211175800004], [-76.11379100599999, 43.032111289000056], [-76.11379074499996, 43.03215714000004], [-76.11379048299995, 43.03220299100008], [-76.11379022099999, 43.03224884200006], [-76.11394321699998, 43.03224931200003], [-76.11394347799995, 43.03220346100005], [-76.11394373999997, 43.03215761000007]]], 'height': 7.52}
{'cords': [[[-76.11350534099995, 43.03344482400007], [-76.11356801099998, 43.03344099600008], [-76.11356364599999, 43.033402540000054], [-76.11355927999995, 43.03336408400003], [-76.11349661099996, 43.033367912000074], [-76.11337127199994, 43.033375568000054], [-76.11337563699993, 43.03341402400008], [-76.11338000199999, 43.03345248000005], [-76.11350534099995, 43.03344482400007]]], 'height': 8.39}
{'cords': [[[-76.11356245299999, 43.033308678000026], [-76.11355907099994, 43.03326894500003], [-76.11355568999994, 43.03322921300003], [-76.11343969099994, 43.03323452600006], [-76.11338169099997, 43.03323718200005], [-76.11338507199997, 43.033276914000055], [-76.11338845399996, 43.03331664700005], [-76.11344645299994, 43.03331399000007], [-76.11356245299999, 43.033308678000026]]], 'height': 9.96}
{'cords': [[[-76.11321091999997, 43.03214253600004], [-76.11326693699993, 43.03212181400005], [-76.11320651999995, 43.032033917000035], [-76.11315050199994, 43.03205463900008], [-76.11309448499998, 43.03207536100007], [-76.11303846799996, 43.032096083000056], [-76.11309888499994, 43.03218398000007], [-76.11315490199996, 43.032163258000026], [-76.11321091999997, 43.03214253600004]]], 'height': 7.35}
{'cords': [[[-76.11330279699996, 43.033356713000046], [-76.11321690099999, 43.03335644900005], [-76.11321652999999, 43.03342138600004], [-76.11330242599996, 43.03342165000004], [-76.11330279699996, 43.033356713000046]]], 'height': 7.03}
{'cords': [[[-76.11338024599996, 43.033211522000045], [-76.11352788799996, 43.033211976000075], [-76.11352834799999, 43.03313145300007], [-76.11338070599999, 43.033130999000036], [-76.11338024599996, 43.033211522000045]]], 'height': 9.97}
{'cords': [[[-76.11316967199997, 43.03250522800005], [-76.11321608299994, 43.032486541000026], [-76.11318510199999, 43.03244513200008], [-76.11312314199995, 43.03236231300008], [-76.11307673099998, 43.032380999000054], [-76.11304575099996, 43.03233959000005], [-76.11299933999999, 43.032358276000025], [-76.11295292899996, 43.03237696300005], [-76.11298390899998, 43.03241837200005], [-76.11304586899996, 43.03250119100005], [-76.11307684899998, 43.032542600000056], [-76.11312325999995, 43.03252391400008], [-76.11316967199997, 43.03250522800005]]], 'height': 6.45}
{'cords': [[[-76.11332180099998, 43.033106976000056], [-76.11353629999996, 43.03310817900007], [-76.11353630899998, 43.03301955200004], [-76.11332114899994, 43.033020978000025], [-76.11332180099998, 43.033106976000056]]], 'height': 8.59}
{'cords': [[[-76.11297649999995, 43.03233145200005], [-76.11295449899995, 43.03229390300004], [-76.11301577399996, 43.03227458100008], [-76.11292777099999, 43.03212438400004], [-76.11280266599994, 43.032164590000036], [-76.11291522499994, 43.032350774000065], [-76.11297649999995, 43.03233145200005]]], 'height': 7.27}
{'cords': [[[-76.11338222999996, 43.03254975600004], [-76.11344754399994, 43.032543227000076], [-76.11343851399994, 43.032494616000065], [-76.11342948399994, 43.032446004000064], [-76.11341142499998, 43.03234878200004], [-76.11334611099994, 43.03235531100006], [-76.11328079799995, 43.03236184000008], [-76.11329885799995, 43.03245906300003], [-76.11330788699996, 43.032507674000044], [-76.11331691699996, 43.032556285000055], [-76.11338222999996, 43.03254975600004]]], 'height': 6.89}
{'cords': [[[-76.11289212199995, 43.032998175000046], [-76.11284025099997, 43.03299867900006], [-76.11283955399995, 43.03296011000003], [-76.11273581299997, 43.03296111900005], [-76.11273790399997, 43.03307682600007], [-76.11289351599999, 43.03307531200005], [-76.11289212199995, 43.032998175000046]]], 'height': 8.58}
{'cords': [[[-76.11209777499994, 43.03288809000003], [-76.11210224399997, 43.03293798800007], [-76.11204245199997, 43.03294087000006], [-76.11204692099994, 43.03299076900004], [-76.11216650499995, 43.03298500500006], [-76.11228608899995, 43.03297924100008], [-76.11228161999998, 43.032929343000035], [-76.11227715099994, 43.03287944500005], [-76.11209777499994, 43.03288809000003]]], 'height': 7.15}
{'cords': [[[-76.11347338499996, 43.032176219000064], [-76.11339454899996, 43.03202020800006], [-76.11337483999995, 43.03198120500008], [-76.11324530599995, 43.032016371000054], [-76.11326501399998, 43.03205537400004], [-76.11334385099997, 43.03221138500004], [-76.11347338499996, 43.032176219000064]]], 'height': 6.85}
{'cords': [[[-76.11213060399996, 43.03315494900005], [-76.11229501299994, 43.03314558300008], [-76.11228799899999, 43.033057745000065], [-76.11225912899994, 43.03305912900004], [-76.11225558099994, 43.033015584000054], [-76.11217400699996, 43.03301971700006], [-76.11217751599997, 43.033063354000035], [-76.11212337899997, 43.03306603500005], [-76.11213060399996, 43.03315494900005]]], 'height': 8.54}
{'cords': [[[-76.11392278499994, 43.03199690100007], [-76.11392304699996, 43.031951063000065], [-76.11385721599999, 43.03195086100004], [-76.11379138599995, 43.031950659000074], [-76.11379112499998, 43.03199649600003], [-76.11379060099995, 43.032088172000044], [-76.11385643199998, 43.03208837400007], [-76.11392226199996, 43.032088576000035], [-76.11392278499994, 43.03199690100007]]], 'height': 7.45}
{'cords': [[[-76.11343791399997, 43.032896494000056], [-76.11350673699997, 43.03289317600007], [-76.11350289899997, 43.03285033700007], [-76.11349906199996, 43.03280749700008], [-76.11343023899997, 43.03281081500006], [-76.11336141599998, 43.032814133000045], [-76.11329259299998, 43.03281745000004], [-76.11329643099998, 43.03286029000003], [-76.11330026799999, 43.03290313000008], [-76.11336909099998, 43.03289981200004], [-76.11343791399997, 43.032896494000056]]], 'height': 7.98}
{'cords': [[[-76.11186084199994, 43.03306389200003], [-76.11188777299998, 43.03301788700003], [-76.11182588299994, 43.032998389000056], [-76.11170210099993, 43.032959392000066], [-76.11167516899997, 43.03300539700007], [-76.11164823699994, 43.03305140200007], [-76.11162130499997, 43.03309740800006], [-76.11174508699997, 43.03313640400006], [-76.11180697799995, 43.03315590300008], [-76.11183390999997, 43.03310989700003], [-76.11186084199994, 43.03306389200003]]], 'height': 6.86}
{'cords': [[[-76.11354076899994, 43.03299863900003], [-76.11353513799997, 43.03295768500004], [-76.11352950699995, 43.03291673100006], [-76.11336114899996, 43.03292918900007], [-76.11336677999998, 43.03297014300006], [-76.11337241099994, 43.03301109700004], [-76.11354076899994, 43.03299863900003]]], 'height': 10.27}
{'cords': [[[-76.11219618799998, 43.03331828600005], [-76.11231043599997, 43.03331511700003], [-76.11230687399996, 43.03320348800003], [-76.11219231999996, 43.03320665000007], [-76.11219618799998, 43.03331828600005]]], 'height': 8.47}
{'cords': [[[-76.11281837899998, 43.03322705900007], [-76.11288852699994, 43.033225549000065], [-76.11288690499998, 43.033184266000035], [-76.11288528199998, 43.03314298300006], [-76.11288365899998, 43.03310170000003], [-76.11281351099996, 43.033103210000036], [-76.11274336199995, 43.03310472000004], [-76.11274498499995, 43.03314600300007], [-76.11274660699996, 43.03318728600004], [-76.11274822999997, 43.03322856900007], [-76.11281837899998, 43.03322705900007]]], 'height': 9.1}
{'cords': [[[-76.11398008799995, 43.03189557700006], [-76.11404565699996, 43.03189241600006], [-76.11404166399996, 43.03184784700005], [-76.11403767199994, 43.03180327900003], [-76.11397210199993, 43.03180644100007], [-76.11390653299998, 43.03180960200007], [-76.11384096399996, 43.03181276300006], [-76.11384495599998, 43.03185733200007], [-76.11384894899999, 43.03190190000004], [-76.11391451899993, 43.03189873800005], [-76.11398008799995, 43.03189557700006]]], 'height': 7.57}
{'cords': [[[-76.11285176299998, 43.033358477000036], [-76.11290777299996, 43.03335692300004], [-76.11290539099997, 43.03331071700006], [-76.11284938099999, 43.03331227000007], [-76.11284699899994, 43.03326606400003], [-76.11273497799993, 43.033269172000075], [-76.11273974199997, 43.03336158500008], [-76.11285176299998, 43.033358477000036]]], 'height': 9.64}
{'cords': [[[-76.11156105499998, 43.03319993900004], [-76.11156295099994, 43.03324524300007], [-76.11156484699995, 43.033290547000036], [-76.11156674299997, 43.03333585200005], [-76.11156863899998, 43.033381156000075], [-76.11157053499994, 43.03342646100003], [-76.11169974499995, 43.033423550000066], [-76.11169784799995, 43.03337824600004], [-76.11169595199993, 43.033332941000026], [-76.11176055699997, 43.033331486000066], [-76.11175865999996, 43.03328618200004], [-76.11175676399995, 43.03324087800007], [-76.11175486799993, 43.03319557300006], [-76.11169026399995, 43.033197028000075], [-76.11156105499998, 43.03319993900004]]], 'height': 7}
{'cords': [[[-76.11394373999997, 43.03215761000007], [-76.11394400199998, 43.03211175800004], [-76.11379100599999, 43.032111289000056], [-76.11379074499996, 43.03215714000004], [-76.11379048299995, 43.03220299100008], [-76.11379022099999, 43.03224884200006], [-76.11394321699998, 43.03224931200003], [-76.11394347799995, 43.03220346100005], [-76.11394373999997, 43.03215761000007]]], 'height': 7.52}
{'cords': [[[-76.11350534099995, 43.03344482400007], [-76.11356801099998, 43.03344099600008], [-76.11356364599999, 43.033402540000054], [-76.11355927999995, 43.03336408400003], [-76.11349661099996, 43.033367912000074], [-76.11337127199994, 43.033375568000054], [-76.11337563699993, 43.03341402400008], [-76.11338000199999, 43.03345248000005], [-76.11350534099995, 43.03344482400007]]], 'height': 8.39}
{'cords': [[[-76.11356245299999, 43.033308678000026], [-76.11355907099994, 43.03326894500003], [-76.11355568999994, 43.03322921300003], [-76.11343969099994, 43.03323452600006], [-76.11338169099997, 43.03323718200005], [-76.11338507199997, 43.033276914000055], [-76.11338845399996, 43.03331664700005], [-76.11344645299994, 43.03331399000007], [-76.11356245299999, 43.033308678000026]]], 'height': 9.96}
{'cords': [[[-76.11321091999997, 43.03214253600004], [-76.11326693699993, 43.03212181400005], [-76.11320651999995, 43.032033917000035], [-76.11315050199994, 43.03205463900008], [-76.11309448499998, 43.03207536100007], [-76.11303846799996, 43.032096083000056], [-76.11309888499994, 43.03218398000007], [-76.11315490199996, 43.032163258000026], [-76.11321091999997, 43.03214253600004]]], 'height': 7.35}
{'cords': [[[-76.11330279699996, 43.033356713000046], [-76.11321690099999, 43.03335644900005], [-76.11321652999999, 43.03342138600004], [-76.11330242599996, 43.03342165000004], [-76.11330279699996, 43.033356713000046]]], 'height': 7.03}
{'cords': [[[-76.11338024599996, 43.033211522000045], [-76.11352788799996, 43.033211976000075], [-76.11352834799999, 43.03313145300007], [-76.11338070599999, 43.033130999000036], [-76.11338024599996, 43.033211522000045]]], 'height': 9.97}
{'cords': [[[-76.11316967199997, 43.03250522800005], [-76.11321608299994, 43.032486541000026], [-76.11318510199999, 43.03244513200008], [-76.11312314199995, 43.03236231300008], [-76.11307673099998, 43.032380999000054], [-76.11304575099996, 43.03233959000005], [-76.11299933999999, 43.032358276000025], [-76.11295292899996, 43.03237696300005], [-76.11298390899998, 43.03241837200005], [-76.11304586899996, 43.03250119100005], [-76.11307684899998, 43.032542600000056], [-76.11312325999995, 43.03252391400008], [-76.11316967199997, 43.03250522800005]]], 'height': 6.45}
{'cords': [[[-76.11332180099998, 43.033106976000056], [-76.11353629999996, 43.03310817900007], [-76.11353630899998, 43.03301955200004], [-76.11332114899994, 43.033020978000025], [-76.11332180099998, 43.033106976000056]]], 'height': 8.59}
{'cords': [[[-76.11297649999995, 43.03233145200005], [-76.11295449899995, 43.03229390300004], [-76.11301577399996, 43.03227458100008], [-76.11292777099999, 43.03212438400004], [-76.11280266599994, 43.032164590000036], [-76.11291522499994, 43.032350774000065], [-76.11297649999995, 43.03233145200005]]], 'height': 7.27}
{'cords': [[[-76.11338222999996, 43.03254975600004], [-76.11344754399994, 43.032543227000076], [-76.11343851399994, 43.032494616000065], [-76.11342948399994, 43.032446004000064], [-76.11341142499998, 43.03234878200004], [-76.11334611099994, 43.03235531100006], [-76.11328079799995, 43.03236184000008], [-76.11329885799995, 43.03245906300003], [-76.11330788699996, 43.032507674000044], [-76.11331691699996, 43.032556285000055], [-76.11338222999996, 43.03254975600004]]], 'height': 6.89}
{'cords': [[[-76.11338024599996, 43.033211522000045], [-76.11352788799996, 43.033211976000075], [-76.11352834799999, 43.03313145300007], [-76.11338070599999, 43.033130999000036], [-76.11338024599996, 43.033211522000045]]], 'height': 9.97}
{'cords': [[[-76.11316967199997, 43.03250522800005], [-76.11321608299994, 43.032486541000026], [-76.11318510199999, 43.03244513200008], [-76.11312314199995, 43.03236231300008], [-76.11307673099998, 43.032380999000054], [-76.11304575099996, 43.03233959000005], [-76.11299933999999, 43.032358276000025], [-76.11295292899996, 43.03237696300005], [-76.11298390899998, 43.03241837200005], [-76.11304586899996, 43.03250119100005], [-76.11307684899998, 43.032542600000056], [-76.11312325999995, 43.03252391400008], [-76.11316967199997, 43.03250522800005]]], 'height': 6.45}
{'cords': [[[-76.11332180099998, 43.033106976000056], [-76.11353629999996, 43.03310817900007], [-76.11353630899998, 43.03301955200004], [-76.11332114899994, 43.033020978000025], [-76.11332180099998, 43.033106976000056]]], 'height': 8.59}
{'cords': [[[-76.11289212199995, 43.032998175000046], [-76.11284025099997, 43.03299867900006], [-76.11283955399995, 43.03296011000003], [-76.11273581299997, 43.03296111900005], [-76.11273790399997, 43.03307682600007], [-76.11289351599999, 43.03307531200005], [-76.11289212199995, 43.032998175000046]]], 'height': 8.58}
{'cords': [[[-76.11297649999995, 43.03233145200005], [-76.11295449899995, 43.03229390300004], [-76.11301577399996, 43.03227458100008], [-76.11292777099999, 43.03212438400004], [-76.11280266599994, 43.032164590000036], [-76.11291522499994, 43.032350774000065], [-76.11297649999995, 43.03233145200005]]], 'height': 7.27}
{'cords': [[[-76.11209777499994, 43.03288809000003], [-76.11210224399997, 43.03293798800007], [-76.11204245199997, 43.03294087000006], [-76.11204692099994, 43.03299076900004], [-76.11216650499995, 43.03298500500006], [-76.11228608899995, 43.03297924100008], [-76.11228161999998, 43.032929343000035], [-76.11227715099994, 43.03287944500005], [-76.11209777499994, 43.03288809000003]]], 'height': 7.15}
{'cords': [[[-76.11338222999996, 43.03254975600004], [-76.11344754399994, 43.032543227000076], [-76.11343851399994, 43.032494616000065], [-76.11342948399994, 43.032446004000064], [-76.11341142499998, 43.03234878200004], [-76.11334611099994, 43.03235531100006], [-76.11328079799995, 43.03236184000008], [-76.11329885799995, 43.03245906300003], [-76.11330788699996, 43.032507674000044], [-76.11331691699996, 43.032556285000055], [-76.11338222999996, 43.03254975600004]]], 'height': 6.89}
{'cords': [[[-76.11347338499996, 43.032176219000064], [-76.11339454899996, 43.03202020800006], [-76.11337483999995, 43.03198120500008], [-76.11324530599995, 43.032016371000054], [-76.11326501399998, 43.03205537400004], [-76.11334385099997, 43.03221138500004], [-76.11347338499996, 43.032176219000064]]], 'height': 6.85}
{'cords': [[[-76.11289212199995, 43.032998175000046], [-76.11284025099997, 43.03299867900006], [-76.11283955399995, 43.03296011000003], [-76.11273581299997, 43.03296111900005], [-76.11273790399997, 43.03307682600007], [-76.11289351599999, 43.03307531200005], [-76.11289212199995, 43.032998175000046]]], 'height': 8.58}
{'cords': [[[-76.11213060399996, 43.03315494900005], [-76.11229501299994, 43.03314558300008], [-76.11228799899999, 43.033057745000065], [-76.11225912899994, 43.03305912900004], [-76.11225558099994, 43.033015584000054], [-76.11217400699996, 43.03301971700006], [-76.11217751599997, 43.033063354000035], [-76.11212337899997, 43.03306603500005], [-76.11213060399996, 43.03315494900005]]], 'height': 8.54}
{'cords': [[[-76.11392278499994, 43.03199690100007], [-76.11392304699996, 43.031951063000065], [-76.11385721599999, 43.03195086100004], [-76.11379138599995, 43.031950659000074], [-76.11379112499998, 43.03199649600003], [-76.11379060099995, 43.032088172000044], [-76.11385643199998, 43.03208837400007], [-76.11392226199996, 43.032088576000035], [-76.11392278499994, 43.03199690100007]]], 'height': 7.45}
{'cords': [[[-76.11209777499994, 43.03288809000003], [-76.11210224399997, 43.03293798800007], [-76.11204245199997, 43.03294087000006], [-76.11204692099994, 43.03299076900004], [-76.11216650499995, 43.03298500500006], [-76.11228608899995, 43.03297924100008], [-76.11228161999998, 43.032929343000035], [-76.11227715099994, 43.03287944500005], [-76.11209777499994, 43.03288809000003]]], 'height': 7.15}
{'cords': [[[-76.11343791399997, 43.032896494000056], [-76.11350673699997, 43.03289317600007], [-76.11350289899997, 43.03285033700007], [-76.11349906199996, 43.03280749700008], [-76.11343023899997, 43.03281081500006], [-76.11336141599998, 43.032814133000045], [-76.11329259299998, 43.03281745000004], [-76.11329643099998, 43.03286029000003], [-76.11330026799999, 43.03290313000008], [-76.11336909099998, 43.03289981200004], [-76.11343791399997, 43.032896494000056]]], 'height': 7.98}
{'cords': [[[-76.11186084199994, 43.03306389200003], [-76.11188777299998, 43.03301788700003], [-76.11182588299994, 43.032998389000056], [-76.11170210099993, 43.032959392000066], [-76.11167516899997, 43.03300539700007], [-76.11164823699994, 43.03305140200007], [-76.11162130499997, 43.03309740800006], [-76.11174508699997, 43.03313640400006], [-76.11180697799995, 43.03315590300008], [-76.11183390999997, 43.03310989700003], [-76.11186084199994, 43.03306389200003]]], 'height': 6.86}
{'cords': [[[-76.11354076899994, 43.03299863900003], [-76.11353513799997, 43.03295768500004], [-76.11352950699995, 43.03291673100006], [-76.11336114899996, 43.03292918900007], [-76.11336677999998, 43.03297014300006], [-76.11337241099994, 43.03301109700004], [-76.11354076899994, 43.03299863900003]]], 'height': 10.27}
{'cords': [[[-76.11219618799998, 43.03331828600005], [-76.11231043599997, 43.03331511700003], [-76.11230687399996, 43.03320348800003], [-76.11219231999996, 43.03320665000007], [-76.11219618799998, 43.03331828600005]]], 'height': 8.47}
{'cords': [[[-76.11347338499996, 43.032176219000064], [-76.11339454899996, 43.03202020800006], [-76.11337483999995, 43.03198120500008], [-76.11324530599995, 43.032016371000054], [-76.11326501399998, 43.03205537400004], [-76.11334385099997, 43.03221138500004], [-76.11347338499996, 43.032176219000064]]], 'height': 6.85}
{'cords': [[[-76.11281837899998, 43.03322705900007], [-76.11288852699994, 43.033225549000065], [-76.11288690499998, 43.033184266000035], [-76.11288528199998, 43.03314298300006], [-76.11288365899998, 43.03310170000003], [-76.11281351099996, 43.033103210000036], [-76.11274336199995, 43.03310472000004], [-76.11274498499995, 43.03314600300007], [-76.11274660699996, 43.03318728600004], [-76.11274822999997, 43.03322856900007], [-76.11281837899998, 43.03322705900007]]], 'height': 9.1}
{'cords': [[[-76.11213060399996, 43.03315494900005], [-76.11229501299994, 43.03314558300008], [-76.11228799899999, 43.033057745000065], [-76.11225912899994, 43.03305912900004], [-76.11225558099994, 43.033015584000054], [-76.11217400699996, 43.03301971700006], [-76.11217751599997, 43.033063354000035], [-76.11212337899997, 43.03306603500005], [-76.11213060399996, 43.03315494900005]]], 'height': 8.54}
{'cords': [[[-76.11392278499994, 43.03199690100007], [-76.11392304699996, 43.031951063000065], [-76.11385721599999, 43.03195086100004], [-76.11379138599995, 43.031950659000074], [-76.11379112499998, 43.03199649600003], [-76.11379060099995, 43.032088172000044], [-76.11385643199998, 43.03208837400007], [-76.11392226199996, 43.032088576000035], [-76.11392278499994, 43.03199690100007]]], 'height': 7.45}
{'cords': [[[-76.11343791399997, 43.032896494000056], [-76.11350673699997, 43.03289317600007], [-76.11350289899997, 43.03285033700007], [-76.11349906199996, 43.03280749700008], [-76.11343023899997, 43.03281081500006], [-76.11336141599998, 43.032814133000045], [-76.11329259299998, 43.03281745000004], [-76.11329643099998, 43.03286029000003], [-76.11330026799999, 43.03290313000008], [-76.11336909099998, 43.03289981200004], [-76.11343791399997, 43.032896494000056]]], 'height': 7.98}
{'cords': [[[-76.11186084199994, 43.03306389200003], [-76.11188777299998, 43.03301788700003], [-76.11182588299994, 43.032998389000056], [-76.11170210099993, 43.032959392000066], [-76.11167516899997, 43.03300539700007], [-76.11164823699994, 43.03305140200007], [-76.11162130499997, 43.03309740800006], [-76.11174508699997, 43.03313640400006], [-76.11180697799995, 43.03315590300008], [-76.11183390999997, 43.03310989700003], [-76.11186084199994, 43.03306389200003]]], 'height': 6.86}
{'cords': [[[-76.11398008799995, 43.03189557700006], [-76.11404565699996, 43.03189241600006], [-76.11404166399996, 43.03184784700005], [-76.11403767199994, 43.03180327900003], [-76.11397210199993, 43.03180644100007], [-76.11390653299998, 43.03180960200007], [-76.11384096399996, 43.03181276300006], [-76.11384495599998, 43.03185733200007], [-76.11384894899999, 43.03190190000004], [-76.11391451899993, 43.03189873800005], [-76.11398008799995, 43.03189557700006]]], 'height': 7.57}
{'cords': [[[-76.11354076899994, 43.03299863900003], [-76.11353513799997, 43.03295768500004], [-76.11352950699995, 43.03291673100006], [-76.11336114899996, 43.03292918900007], [-76.11336677999998, 43.03297014300006], [-76.11337241099994, 43.03301109700004], [-76.11354076899994, 43.03299863900003]]], 'height': 10.27}
{'cords': [[[-76.11285176299998, 43.033358477000036], [-76.11290777299996, 43.03335692300004], [-76.11290539099997, 43.03331071700006], [-76.11284938099999, 43.03331227000007], [-76.11284699899994, 43.03326606400003], [-76.11273497799993, 43.033269172000075], [-76.11273974199997, 43.03336158500008], [-76.11285176299998, 43.033358477000036]]], 'height': 9.64}
{'cords': [[[-76.11219618799998, 43.03331828600005], [-76.11231043599997, 43.03331511700003], [-76.11230687399996, 43.03320348800003], [-76.11219231999996, 43.03320665000007], [-76.11219618799998, 43.03331828600005]]], 'height': 8.47}
{'cords': [[[-76.11281837899998, 43.03322705900007], [-76.11288852699994, 43.033225549000065], [-76.11288690499998, 43.033184266000035], [-76.11288528199998, 43.03314298300006], [-76.11288365899998, 43.03310170000003], [-76.11281351099996, 43.033103210000036], [-76.11274336199995, 43.03310472000004], [-76.11274498499995, 43.03314600300007], [-76.11274660699996, 43.03318728600004], [-76.11274822999997, 43.03322856900007], [-76.11281837899998, 43.03322705900007]]], 'height': 9.1}
{'cords': [[[-76.11156105499998, 43.03319993900004], [-76.11156295099994, 43.03324524300007], [-76.11156484699995, 43.033290547000036], [-76.11156674299997, 43.03333585200005], [-76.11156863899998, 43.033381156000075], [-76.11157053499994, 43.03342646100003], [-76.11169974499995, 43.033423550000066], [-76.11169784799995, 43.03337824600004], [-76.11169595199993, 43.033332941000026], [-76.11176055699997, 43.033331486000066], [-76.11175865999996, 43.03328618200004], [-76.11175676399995, 43.03324087800007], [-76.11175486799993, 43.03319557300006], [-76.11169026399995, 43.033197028000075], [-76.11156105499998, 43.03319993900004]]], 'height': 7}
{'cords': [[[-76.11398008799995, 43.03189557700006], [-76.11404565699996, 43.03189241600006], [-76.11404166399996, 43.03184784700005], [-76.11403767199994, 43.03180327900003], [-76.11397210199993, 43.03180644100007], [-76.11390653299998, 43.03180960200007], [-76.11384096399996, 43.03181276300006], [-76.11384495599998, 43.03185733200007], [-76.11384894899999, 43.03190190000004], [-76.11391451899993, 43.03189873800005], [-76.11398008799995, 43.03189557700006]]], 'height': 7.57}
{'cords': [[[-76.11285176299998, 43.033358477000036], [-76.11290777299996, 43.03335692300004], [-76.11290539099997, 43.03331071700006], [-76.11284938099999, 43.03331227000007], [-76.11284699899994, 43.03326606400003], [-76.11273497799993, 43.033269172000075], [-76.11273974199997, 43.03336158500008], [-76.11285176299998, 43.033358477000036]]], 'height': 9.64}
{'cords': [[[-76.11394373999997, 43.03215761000007], [-76.11394400199998, 43.03211175800004], [-76.11379100599999, 43.032111289000056], [-76.11379074499996, 43.03215714000004], [-76.11379048299995, 43.03220299100008], [-76.11379022099999, 43.03224884200006], [-76.11394321699998, 43.03224931200003], [-76.11394347799995, 43.03220346100005], [-76.11394373999997, 43.03215761000007]]], 'height': 7.52}
{'cords': [[[-76.11350534099995, 43.03344482400007], [-76.11356801099998, 43.03344099600008], [-76.11356364599999, 43.033402540000054], [-76.11355927999995, 43.03336408400003], [-76.11349661099996, 43.033367912000074], [-76.11337127199994, 43.033375568000054], [-76.11337563699993, 43.03341402400008], [-76.11338000199999, 43.03345248000005], [-76.11350534099995, 43.03344482400007]]], 'height': 8.39}
{'cords': [[[-76.11156105499998, 43.03319993900004], [-76.11156295099994, 43.03324524300007], [-76.11156484699995, 43.033290547000036], [-76.11156674299997, 43.03333585200005], [-76.11156863899998, 43.033381156000075], [-76.11157053499994, 43.03342646100003], [-76.11169974499995, 43.033423550000066], [-76.11169784799995, 43.03337824600004], [-76.11169595199993, 43.033332941000026], [-76.11176055699997, 43.033331486000066], [-76.11175865999996, 43.03328618200004], [-76.11175676399995, 43.03324087800007], [-76.11175486799993, 43.03319557300006], [-76.11169026399995, 43.033197028000075], [-76.11156105499998, 43.03319993900004]]], 'height': 7}
{'cords': [[[-76.11356245299999, 43.033308678000026], [-76.11355907099994, 43.03326894500003], [-76.11355568999994, 43.03322921300003], [-76.11343969099994, 43.03323452600006], [-76.11338169099997, 43.03323718200005], [-76.11338507199997, 43.033276914000055], [-76.11338845399996, 43.03331664700005], [-76.11344645299994, 43.03331399000007], [-76.11356245299999, 43.033308678000026]]], 'height': 9.96}
{'cords': [[[-76.11394373999997, 43.03215761000007], [-76.11394400199998, 43.03211175800004], [-76.11379100599999, 43.032111289000056], [-76.11379074499996, 43.03215714000004], [-76.11379048299995, 43.03220299100008], [-76.11379022099999, 43.03224884200006], [-76.11394321699998, 43.03224931200003], [-76.11394347799995, 43.03220346100005], [-76.11394373999997, 43.03215761000007]]], 'height': 7.52}
{'cords': [[[-76.11350534099995, 43.03344482400007], [-76.11356801099998, 43.03344099600008], [-76.11356364599999, 43.033402540000054], [-76.11355927999995, 43.03336408400003], [-76.11349661099996, 43.033367912000074], [-76.11337127199994, 43.033375568000054], [-76.11337563699993, 43.03341402400008], [-76.11338000199999, 43.03345248000005], [-76.11350534099995, 43.03344482400007]]], 'height': 8.39}
{'cords': [[[-76.11321091999997, 43.03214253600004], [-76.11326693699993, 43.03212181400005], [-76.11320651999995, 43.032033917000035], [-76.11315050199994, 43.03205463900008], [-76.11309448499998, 43.03207536100007], [-76.11303846799996, 43.032096083000056], [-76.11309888499994, 43.03218398000007], [-76.11315490199996, 43.032163258000026], [-76.11321091999997, 43.03214253600004]]], 'height': 7.35}
{'cords': [[[-76.11330279699996, 43.033356713000046], [-76.11321690099999, 43.03335644900005], [-76.11321652999999, 43.03342138600004], [-76.11330242599996, 43.03342165000004], [-76.11330279699996, 43.033356713000046]]], 'height': 7.03}
{'cords': [[[-76.11356245299999, 43.033308678000026], [-76.11355907099994, 43.03326894500003], [-76.11355568999994, 43.03322921300003], [-76.11343969099994, 43.03323452600006], [-76.11338169099997, 43.03323718200005], [-76.11338507199997, 43.033276914000055], [-76.11338845399996, 43.03331664700005], [-76.11344645299994, 43.03331399000007], [-76.11356245299999, 43.033308678000026]]], 'height': 9.96}
{'cords': [[[-76.11321091999997, 43.03214253600004], [-76.11326693699993, 43.03212181400005], [-76.11320651999995, 43.032033917000035], [-76.11315050199994, 43.03205463900008], [-76.11309448499998, 43.03207536100007], [-76.11303846799996, 43.032096083000056], [-76.11309888499994, 43.03218398000007], [-76.11315490199996, 43.032163258000026], [-76.11321091999997, 43.03214253600004]]], 'height': 7.35}
{'cords': [[[-76.11330279699996, 43.033356713000046], [-76.11321690099999, 43.03335644900005], [-76.11321652999999, 43.03342138600004], [-76.11330242599996, 43.03342165000004], [-76.11330279699996, 43.033356713000046]]], 'height': 7.03}
